  -0.5412   0.5348   0.8379
  -0.4361   0.5279   0.8290
  -0.4388   0.5191   0.9327
  -0.4446   0.4131   0.9403
  -0.4409   0.4194   0.8398
  -0.4357   0.4284   0.7338
  -0.4283   0.5272   0.7335
  -0.3355   0.5354   0.7376
  -0.3419   0.5326   0.6383
  -0.3334   0.5244   0.5451
  -0.3247   0.4196   0.5401
  -0.4314   0.4122   0.5418
  -0.5289   0.4067   0.5413
  -0.5239   0.3112   0.5346
  -0.6143   0.3013   0.5323
  -0.6085   0.2970   0.6339
  -0.7029   0.2909   0.6355
  -0.6943   0.3828   0.6365
  -0.5972   0.3793   0.6390
  -0.6058   0.4774   0.6392
  -0.6061   0.4752   0.5467
  -0.4968   0.4727   0.5541
  -0.3933   0.4634   0.5582
  -0.3857   0.5575   0.5510
  -0.3856   0.5554   0.6554
  -0.4907   0.5643   0.6506
  -0.4813   0.5655   0.5581
  -0.4814   0.5701   0.4680
  -0.4782   0.6625   0.4617
  -0.4687   0.6720   0.5637
  -0.4639   0.6803   0.6560
  -0.3704   0.6849   0.6473
  -0.2747   0.6858   0.6466
  -0.2678   0.6903   0.5381
  -0.2666   0.7882   0.5375
  -0.1657   0.7830   0.5344
  -0.1609   0.7865   0.4307
  -0.2620   0.7961   0.4306
  -0.2671   0.7014   0.4310
  -0.1759   0.6914   0.4251
  -0.0729   0.6971   0.4289
  -0.0732   0.8024   0.4328
   0.0276   0.7931   0.4286
   0.0294   0.7928   0.3365
   0.0358   0.8974   0.3290
  -0.5418   0.4352   0.8409
  -0.5395   0.3452   0.8431
  -0.6345   0.3390   0.8390
  -0.6393   0.3477   0.7450
  -0.6459   0.4486   0.7436
  -0.3273   0.5224   0.8301
  -0.2223   0.5202   0.8226
  -0.1320   0.5236   0.8236
  -0.1317   0.6226   0.8185
  -0.1315   0.6213   0.9214
  -0.0404   0.6199   0.9193
   0.0554   0.6170   0.9289
   0.1571   0.6083   0.9228
   0.1605   0.6073   0.8144
   0.1514   0.6080   0.7077
   0.2516   0.6079   0.7052
   0.2533   0.5176   0.7096
   0.2462   0.4268   0.7059
   0.2379   0.3325   0.7058
   0.2365   0.3236   0.8092
   0.1424   0.3255   0.8165
   0.1415   0.4159   0.8122
   0.1514   0.4123   0.9212
   0.1558   0.4074   1.0190
   0.1529   0.3042   1.0242
   0.1551   0.3091   1.1293
   0.0579   0.3018   1.1238
  -0.0427   0.3069   1.1228
  -0.0336   0.2105   1.1246
  -0.0321   0.2079   1.2242
   0.0739   0.2148   1.2159
   0.0758   0.2202   1.1075
   0.0744   0.1243   1.1022
   0.0823   0.1323   1.2101
   0.1813   0.1368   1.2159
   0.1856   0.0388   1.2118
   0.0855   0.0379   1.2105
   0.0775  -0.0524   1.2105
   0.1793  -0.0483   1.2066
   0.2727  -0.0474   1.2150
   0.2776  -0.0518   1.1181
   0.1703  -0.0514   1.1163
   0.0772  -0.0509   1.1097
   0.0773   0.0508   1.1097
   0.0792   0.0604   1.0071
   0.0787   0.0513   0.9147
   0.0770  -0.0538   0.9147
   0.0793  -0.0605   1.0071
  -0.0206  -0.0509   0.9988
  -0.0193   0.0478   0.9964
  -0.3537   0.4121   0.9371
  -0.2439   0.4170   0.9351
  -0.2409   0.4259   0.8313
  -0.1316   0.4188   0.8260
  -0.0331   0.4202   0.8344
  -0.0420   0.3288   0.8338
  -0.0409   0.3274   0.9255
  -0.0456   0.4372   0.9257
  -0.1537   0.4455   0.9187
  -0.1506   0.5425   0.9132
  -0.1454   0.5328   1.0071
  -0.0441   0.5248   1.0091
  -0.0495   0.4327   1.0123
   0.0505   0.4306   1.0023
   0.0600   0.5357   0.9953
   0.1556   0.5304   0.9921
   0.2650   0.5214   0.9851
   0.3662   0.5135   0.9803
   0.3611   0.5067   0.8904
   0.4619   0.5039   0.8807
   0.4545   0.4944   0.9753
   0.4520   0.4003   0.9662
   0.3620   0.4049   0.9686
   0.3638   0.4069   0.8737
   0.3679   0.3139   0.8798
   0.3681   0.2231   0.8798
   0.4707   0.2155   0.8857
   0.4644   0.2239   0.9886
   0.4624   0.1163   0.9980
   0.4705   0.0188   0.9947
   0.4747   0.0278   0.9043
   0.5661   0.0326   0.9090
   0.5594  -0.0633   0.9132
   0.5648  -0.0539   0.8229
   0.5652  -0.1606   0.8174
   0.6669  -0.1608   0.8153
   0.6575  -0.2568   0.8123
   0.6497  -0.3517   0.8132
   0.6517  -0.3609   0.7105
   0.5472  -0.3696   0.7083
   0.4546  -0.3755   0.7077
   0.4642  -0.2669   0.7094
   0.4590  -0.1628   0.7139
   0.3510  -0.1607   0.7051
   0.3588  -0.1622   0.7965
   0.3614  -0.2706   0.8060
   0.2665  -0.2712   0.8147
   0.1739  -0.2688   0.8226
   0.1649  -0.2785   0.7225
   0.1581  -0.3832   0.7230
   0.1640  -0.3802   0.8201
   0.0694  -0.3738   0.8147
   0.0671  -0.3698   0.7162
  -0.0262  -0.3775   0.7206
  -0.1239  -0.3775   0.7194
  -0.1192  -0.4810   0.7100
  -0.2107  -0.4902   0.7139
  -0.3006  -0.4987   0.7176
  -0.3040  -0.6051   0.7086
  -0.2127  -0.6071   0.7097
  -0.2182  -0.7123   0.7105
  -0.2222  -0.7046   0.8132
  -0.3142  -0.7023   0.8202
  -0.3128  -0.6078   0.8189
  -0.3065  -0.5176   0.8168
  -0.3995  -0.5088   0.8138
  -0.3896  -0.4019   0.8041
  -0.4956  -0.4000   0.8112
  -0.4982  -0.4986   0.8190
  -0.4995  -0.4901   0.7273
  -0.5020  -0.4922   0.6200
  -0.6074  -0.4912   0.6201
  -0.6012  -0.5863   0.6228
  -0.5065  -0.5898   0.6164
  -0.4003  -0.5826   0.6221
  -0.4012  -0.5825   0.7263
  -0.3969  -0.4915   0.7247
  -0.3991  -0.4917   0.6198
  -0.3999  -0.4885   0.5166
  -0.4071  -0.4847   0.4087
  -0.3071  -0.4874   0.4153
  -0.3085  -0.4960   0.5052
  -0.3137  -0.5904   0.5067
  -0.3053  -0.6919   0.4967
  -0.3062  -0.7820   0.4962
  -0.4023  -0.7919   0.4878
  -0.4114  -0.7001   0.4963
  -0.4177  -0.6923   0.5865
  -0.4161  -0.7016   0.6941
  -0.3067  -0.6999   0.6987
  -0.4503   0.3156   0.8493
  -0.3551   0.3154   0.8560
  -0.3483   0.3172   0.7586
  -0.3500   0.3257   0.6634
  -0.3587   0.2301   0.6685
  -0.3495   0.2203   0.7653
  -0.4396   0.2192   0.7622
  -0.4466   0.1162   0.7701
  -0.4476   0.1206   0.8666
  -0.4478   0.1192   0.9566
  -0.4569   0.0278   0.9590
  -0.4577  -0.0724   0.9565
  -0.5530  -0.0698   0.9519
  -0.5551   0.0307   0.9609
  -0.5568   0.0321   0.8631
  -0.4516   0.0313   0.8604
  -0.4518   0.0285   0.7639
  -0.4616   0.0193   0.6667
  -0.5655   0.0182   0.6611
  -0.6622   0.0147   0.6677
  -0.6530  -0.0822   0.6745
  -0.5546  -0.0907   0.6668
  -0.5611  -0.0867   0.5590
  -0.4562  -0.0937   0.5538
  -0.4500  -0.1969   0.5484
  -0.5458  -0.2006   0.5400
  -0.5486  -0.1929   0.4460
  -0.5458  -0.0889   0.4506
  -0.6438  -0.0789   0.4497
  -0.6446  -0.0869   0.3578
  -0.6479   0.0221   0.3482
  -0.4272   0.3230   0.7366
  -0.4268   0.3150   0.6446
  -0.5268   0.3234   0.6418
  -0.5262   0.2303   0.6428
  -0.5169   0.2390   0.7398
  -0.5259   0.3423   0.7319
  -0.3334   0.6429   0.7294
  -0.2255   0.6450   0.7255
  -0.1219   0.6359   0.7315
  -0.1286   0.7275   0.7234
  -0.1200   0.7271   0.8161
  -0.0245   0.7346   0.8147
   0.0842   0.7254   0.8223
   0.1863   0.7349   0.8175
  -0.3478   0.4252   0.6452
  -0.2535   0.4307   0.6513
  -0.2591   0.4240   0.7485
  -0.1632   0.4250   0.7395
  -0.1731   0.5238   0.7473
  -0.0766   0.5163   0.7482
  -0.0829   0.6062   0.7572
  -0.0783   0.6141   0.8496
   0.0201   0.6165   0.8540
   0.0218   0.6219   0.7533
   0.0139   0.6242   0.6569
   0.0070   0.7155   0.6575
   0.1011   0.7234   0.6673
   0.1057   0.7135   0.5695
   0.0043   0.7061   0.5738
   0.0010   0.8145   0.5793
  -0.0930   0.8226   0.5761
  -0.0862   0.7300   0.5843
  -0.0924   0.7381   0.4909
  -0.0953   0.7375   0.3975
  -0.1971   0.7330   0.4063
  -0.2054   0.7384   0.3030
  -0.1056   0.7463   0.3107
  -0.0102   0.7525   0.3020
  -0.0048   0.8421   0.3116
  -0.0948   0.8489   0.3044
  -0.3392   0.6219   0.5398
  -0.2379   0.6144   0.5456
  -0.2456   0.6158   0.6478
  -0.2482   0.5178   0.6430
  -0.2528   0.5239   0.5404
  -0.2572   0.4234   0.5370
  -0.1546   0.4249   0.5373
  -0.1580   0.5161   0.5313
  -0.0492   0.5075   0.5244
  -0.0430   0.4977   0.4324
  -0.1437   0.4974   0.4317
  -0.3293   0.3271   0.5326
  -0.4227   0.3201   0.5226
  -0.4230   0.3214   0.4271
  -0.4274   0.2228   0.4198
  -0.5271   0.2325   0.4153
  -0.6316   0.2293   0.4132
  -0.6341   0.3376   0.4127
  -0.5298   0.3434   0.4195
  -0.5361   0.4526   0.4162
  -0.6439   0.4477   0.4167
  -0.6463   0.5403   0.4164
  -0.5501   0.5420   0.4242
  -0.4501   0.5373   0.4289
  -0.4555   0.6413   0.4357
  -0.4642   0.7497   0.4417
  -0.4558   0.7526   0.5324
  -0.4379   0.4220   0.6507
  -0.5432   0.4169   0.6483
  -0.5418   0.4242   0.7466
  -0.5442   0.5225   0.7408
  -0.7227   0.2981   0.5413
  -0.7201   0.3968   0.5484
  -0.7251   0.4934   0.5461
  -0.7241   0.4881   0.6444
  -0.7957   0.3005   0.6310
  -0.7943   0.3032   0.5282
  -0.7901   0.3963   0.5224
  -0.7868   0.3980   0.4316
  -0.7024   0.3908   0.7277
  -0.5994   0.3795   0.5295
  -0.5131   0.4740   0.6437
  -0.4227   0.4660   0.6351
  -0.6015   0.5823   0.5385
  -0.6050   0.5761   0.6413
  -0.3954   0.5611   0.7588
  -0.3889   0.5564   0.8620
  -0.2879   0.5580   0.8597
  -0.1973   0.5559   0.8526
  -0.5710   0.5603   0.4582
  -0.5794   0.5646   0.3640
  -0.5889   0.4589   0.3581
  -0.5912   0.3493   0.3561
  -0.5837   0.2477   0.3518
  -0.5743   0.6716   0.4619
  -0.5729   0.6731   0.3562
  -0.3618   0.7874   0.6404
  -0.3710   0.7842   0.5503
  -0.3614   0.7895   0.4473
  -0.1652   0.6879   0.6390
  -0.1676   0.6894   0.5295
  -0.0768   0.6915   0.5308
  -0.0779   0.6861   0.6386
  -0.0807   0.5792   0.6401
  -0.0719   0.4887   0.6373
  -0.0748   0.3982   0.6279
  -0.0643   0.7853   0.5434
  -0.0558   0.7769   0.6383
   0.0344   0.7758   0.6336
   0.1391   0.7836   0.6417
   0.1306   0.7884   0.7476
   0.0365   0.7856   0.7436
   0.0376   0.6763   0.7458
   0.1281   0.6797   0.7402
   0.2225   0.6787   0.7357
   0.3186   0.6704   0.7313
   0.3270   0.6770   0.6400
   0.3323   0.5695   0.6402
   0.4254   0.5596   0.6388
   0.4232   0.4655   0.6351
   0.4187   0.4648   0.5381
   0.5098   0.4564   0.5323
   0.5196   0.3575   0.5357
   0.5223   0.2568   0.5383
   0.6306   0.2514   0.5464
   0.6252   0.2462   0.6476
   0.6178   0.3440   0.6380
   0.6253   0.4448   0.6286
   0.6282   0.4413   0.7315
   0.6362   0.3460   0.7294
   0.6304   0.3529   0.8388
   0.6348   0.2555   0.8466
   0.6259   0.1567   0.8370
   0.6286   0.1563   0.7401
   0.7231   0.1644   0.7455
   0.7234   0.1718   0.8483
   0.7300   0.0637   0.8499
   0.6359   0.0650   0.8560
   0.6444  -0.0386   0.8637
   0.5531  -0.0316   0.8650
   0.4617  -0.0409   0.8666
   0.4593   0.0508   0.8742
   0.4688   0.0508   0.7839
   0.4688  -0.0508   0.7840
   0.5664  -0.0547   0.7872
   0.5668   0.0372   0.7886
   0.5613   0.1333   0.7814
   0.4528   0.1316   0.7835
   0.4506   0.1393   0.8848
   0.3500   0.1363   0.8774
   0.3515   0.1460   0.9855
   0.3439   0.0543   0.9806
   0.3438  -0.0547   0.9806
   0.3515  -0.1460   0.9855
   0.4417  -0.1479   0.9863
   0.4488  -0.1510   0.8950
   0.4458  -0.1534   0.7916
   0.4541  -0.1627   0.6990
   0.3620  -0.1565   0.7027
   0.3655  -0.1643   0.8095
   0.3748  -0.0719   0.8094
   0.3812  -0.0629   0.7048
   0.4816  -0.0574   0.7002
   0.4905   0.0346   0.6904
   0.5958   0.0369   0.6925
   0.6013   0.1443   0.7001
   0.5964   0.2391   0.6910
   0.4959   0.2301   0.6917
   0.4860   0.1390   0.6863
   0.4845   0.1416   0.5898
   0.3904   0.1363   0.5861
   0.3871   0.1336   0.6765
   0.3945   0.1430   0.7782
   0.2948   0.1502   0.7690
   0.2031   0.1551   0.7730
   0.2080   0.2573   0.7687
   0.3159   0.2666   0.7647
   0.3172   0.2715   0.6657
   0.3241   0.3642   0.6708
   0.3295   0.3577   0.7750
   0.2368   0.3645   0.7770
   0.2269   0.3570   0.8849
   0.2318   0.4629   0.8857
   0.1265   0.4679   0.8878
   0.1314   0.4641   0.9938
   0.2242   0.4680   0.9921
   0.2259   0.3663   0.9862
   0.2297   0.2638   0.9778
   0.3289   0.2710   0.9819
   0.4292   0.2739   0.9800
   0.4361   0.2750   1.0887
   0.4436   0.1840   1.0814
   0.4357   0.0808   1.0862
   0.4348  -0.0284   1.0762
   0.4311  -0.1220   1.0686
   0.4329  -0.2198   1.0640
   0.3416  -0.2192   1.0728
   0.2404  -0.2115   1.0826
   0.2488  -0.3081   1.0926
   0.2405  -0.3056   0.9871
   0.1396  -0.3057   0.9872
   0.1486  -0.3018   0.8947
   0.2536  -0.2975   0.8852
   0.2513  -0.2003   0.8871
   0.1554  -0.2001   0.8924
   0.0497  -0.2032   0.8993
   0.0428  -0.1933   1.0051
   0.0424  -0.2865   1.0100
  -0.0623  -0.2840   1.0191
  -0.1626  -0.2836   1.0136
  -0.1692  -0.2787   0.9205
  -0.0676  -0.2764   0.9121
   0.0253  -0.2675   0.9098
   0.0172  -0.2633   0.8110
   0.1106  -0.2733   0.8185
   0.2161  -0.2830   0.8238
   0.2089  -0.1884   0.8335
   0.2112  -0.0907   0.8295
   0.2207  -0.0953   0.9293
   0.3159  -0.1009   0.9196
   0.3087   0.0027   0.9097
   0.3139   0.0069   1.0111
   0.3238   0.1088   1.0097
   0.3154   0.2126   1.0022
   0.3160   0.2130   1.1010
   0.2071   0.2217   1.1029
   0.2072   0.1240   1.1012
   0.3085   0.1143   1.1034
   0.3165   0.0153   1.1022
   0.3178  -0.0887   1.1030
   0.3086  -0.0833   1.0056
   0.3075  -0.1825   1.0010
   0.3024  -0.2920   0.9938
   0.3971  -0.2989   0.9959
   0.3999  -0.4001   0.9879
   0.4973  -0.3951   0.9819
   0.4924  -0.3876   0.8869
   0.4968  -0.3878   0.7845
   0.5047  -0.3880   0.6804
   0.5013  -0.3931   0.5804
   0.4928  -0.4951   0.5797
   0.5963  -0.4855   0.5890
   0.6063  -0.4921   0.4811
   0.5131  -0.4835   0.4760
   0.5185  -0.4785   0.3668
   0.6142  -0.4876   0.3705
   0.6144  -0.5948   0.3690
   0.5194  -0.5876   0.3711
   0.5170  -0.6862   0.3721
   0.5152  -0.6773   0.4795
   0.5231  -0.6779   0.5772
  -0.1632   0.8792   0.4358
  -0.1715   0.8719   0.3390
  -0.2706   0.6986   0.3347
  -0.1804   0.6995   0.3347
  -0.1812   0.6037   0.3389
  -0.0739   0.6131   0.3371
  -0.0743   0.6216   0.4467
  -0.1767   0.6173   0.4504
   0.0342   0.8851   0.4256
  -0.0738   0.8787   0.4316
  -0.0708   0.8810   0.5226
   0.0268   0.8776   0.5282
  -0.6347   0.4278   0.8309
  -0.5314   0.2427   0.8379
  -0.5382   0.1333   0.8410
  -0.5406   0.1423   0.7380
  -0.5314   0.1362   0.6451
  -0.4391   0.1327   0.6361
  -0.4431   0.2275   0.6294
  -0.4450   0.2200   0.5231
  -0.5387   0.2204   0.5310
  -0.6407   0.2442   0.7448
  -0.6310   0.1406   0.7525
  -0.6353   0.1370   0.8578
  -0.6335   0.2439   0.8620
  -0.3309   0.4219   0.8395
  -0.3367   0.4164   0.7367
  -0.2175   0.5285   0.7190
  -0.2230   0.6119   0.9149
  -0.2328   0.5148   0.9157
  -0.3414   0.5096   0.9186
  -0.3483   0.6047   0.9166
   0.1681   0.5119   0.8129
   0.2618   0.5033   0.8229
   0.3675   0.5120   0.8300
   0.3747   0.6177   0.8388
   0.3720   0.6099   0.7397
   0.4650   0.6120   0.7441
   0.4668   0.6132   0.6437
   0.4594   0.6208   0.5435
   0.5627   0.6161   0.5496
   0.5566   0.5246   0.5590
   0.6530   0.5152   0.5624
   0.6539   0.5155   0.6712
   0.6633   0.4212   0.6688
   0.6586   0.4278   0.7749
   0.1468   0.6097   0.6092
   0.1465   0.5076   0.6178
   0.0561   0.4994   0.6127
   0.0635   0.5046   0.7094
   0.1650   0.5094   0.7094
   0.2428   0.5999   0.8063
   0.2494   0.6946   0.8098
   0.3489   0.5274   0.7100
   0.3465   0.4343   0.7065
   0.4469   0.4443   0.7091
   0.4404   0.5393   0.7128
   0.4390   0.5427   0.8197
   0.5366   0.5493   0.8244
   0.2536   0.4341   0.6131
   0.2523   0.5256   0.6226
   0.2431   0.5181   0.5142
   0.2359   0.6127   0.5160
   0.2335   0.7213   0.5217
   0.2418   0.7120   0.4315
   0.3354   0.7117   0.4343
   0.3292   0.6188   0.4289
   0.3365   0.5164   0.4340
   0.4393   0.5116   0.4427
   0.4472   0.6031   0.4372
   0.4404   0.7036   0.4321
   0.4397   0.6942   0.3416
   0.3351   0.6915   0.3466
   0.3280   0.6007   0.3524
   0.2226   0.6089   0.3486
   0.1293   0.6036   0.3417
   0.1384   0.6963   0.3515
   0.1460   0.7030   0.4435
   0.0543   0.6986   0.4431
   0.0449   0.6088   0.4502
   0.0483   0.6152   0.3432
  -0.0475   0.6063   0.3333
  -0.0412   0.6126   0.4239
  -0.0323   0.6159   0.5278
  -0.1276   0.6125   0.5260
   0.3450   0.3296   0.7028
   0.3388   0.3272   0.8040
   0.3410   0.4188   0.8120
   0.1415   0.2270   0.8126
   0.2540   0.4060   0.9213
   0.2488   0.5085   0.9164
   0.2568   0.4059   1.0159
   0.2653   0.4132   1.1127
   0.2713   0.3054   1.1086
   0.2779   0.2018   1.1031
   0.1758   0.1988   1.1110
   0.1840   0.1889   1.2189
   0.0465   0.3056   1.0299
  -0.0603   0.3043   1.0202
  -0.1548   0.3007   1.0231
  -0.1489   0.3084   1.1326
  -0.1407   0.2083   1.1417
  -0.1460   0.1108   1.1449
  -0.1543   0.0054   1.1510
  -0.1526  -0.0018   1.0580
   0.1474   0.4101   1.1299
   0.0608   0.4034   1.1144
  -0.0332   0.4103   1.1045
  -0.0365   0.5076   1.1005
   0.0660   0.5008   1.0921
   0.1583   0.4955   1.0854
  -0.0250   0.1186   1.1334
  -0.0254   0.1200   1.2354
  -0.1278   0.1197   1.2393
  -0.1376   0.0224   1.2336
  -0.1441  -0.0847   1.2336
  -0.1527  -0.1745   1.2281
  -0.1621  -0.1838   1.1352
  -0.0606  -0.1919   1.1279
   0.0346  -0.1822   1.1272
   0.0343  -0.1897   1.2243
  -0.0641  -0.1949   1.2336
  -0.0652  -0.1038   1.2354
  -0.0739  -0.0970   1.1407
  -0.0729   0.0000   1.1334
  -0.1378   0.2122   1.2223
   0.1753   0.1334   1.1189
   0.2779   0.1385   1.1139
   0.3848   0.1369   1.1086
   0.3855   0.0376   1.1050
   0.3809   0.0346   1.0107
   0.3745  -0.0666   1.0022
   0.3725  -0.1749   1.0008
   0.3797  -0.2786   0.9947
   0.3864  -0.2874   1.0965
   0.2776  -0.2817   1.1050
   0.1854  -0.2786   1.1122
   0.1939  -0.1809   1.1222
   0.2981  -0.1836   1.1160
   0.3908  -0.1900   1.1251
   0.2913   0.0355   1.2080
   0.2871   0.0298   1.0995
   0.1776  -0.1470   1.2141
   0.3750  -0.0495   1.1270
   0.1699   0.0525   1.1163
   0.0843   0.1487   0.9240
   0.0855   0.1433   0.8161
   0.0925   0.2359   0.8170
  -0.0039   0.2458   0.8251
  -0.1115   0.2393   0.8262
  -0.2186   0.2492   0.8338
  -0.2284   0.3522   0.8423
  -0.2294   0.3517   0.7402
  -0.2221   0.3547   0.6423
   0.0843  -0.1487   0.9240
  -0.3528   0.4077   1.0270
  -0.3602   0.3170   1.0337
  -0.2638   0.3200   1.0368
  -0.2586   0.2176   1.0308
  -0.2504   0.2135   1.1311
  -0.2513   0.1063   1.1258
  -0.2605   0.0000   1.1353
  -0.2513  -0.1063   1.1258
  -0.3568  -0.1005   1.1280
  -0.3520   0.0000   1.1311
  -0.3423   0.0982   1.1264
  -0.4412   0.1055   1.1180
  -0.4343   0.2032   1.1145
  -0.4405   0.2109   1.0228
  -0.3470   0.2161   1.0238
  -0.3514   0.2073   1.1144
  -0.3579   0.2981   1.1121
  -0.2573   0.3005   1.1132
  -0.2532   0.4094   1.1118
  -0.2571   0.4190   1.0146
  -0.1622   0.4180   1.0183
  -0.1600   0.4248   1.1184
  -0.1510   0.3351   0.8363
  -0.1432   0.3449   0.7306
  -0.0337   0.2209   0.9190
  -0.0431   0.2155   1.0106
  -0.1603   0.3384   0.9205
  -0.1675   0.2406   0.9107
  -0.1723   0.2343   1.0191
  -0.1413   0.6340   0.9984
  -0.0334   0.6316   0.9954
   0.0597   0.6253   1.0025
   0.1572   0.6349   0.9938
   0.1560   0.5370   0.8872
   0.3544   0.6151   0.8893
   0.2567   0.6114   0.8929
   0.4712   0.4120   0.8725
   0.4644   0.3124   0.8749
   0.4626   0.3175   0.9796
   0.5666   0.3260   0.9767
   0.5750   0.3304   0.8825
   0.5689   0.4320   0.8806
   0.3614   0.4034   1.0655
   0.3652   0.3111   1.0729
   0.3696   0.2211   1.0763
   0.3695   0.2193   0.9742
   0.3778   0.1268   0.9809
   0.3686   0.1295   0.8800
   0.4586   0.1316   0.8799
   0.4545   0.1413   0.7758
   0.3754   0.3183   0.9827
   0.5751   0.2191   0.8821
   0.6809   0.2199   0.8802
   0.5732   0.2185   0.9956
   0.4552   0.1169   1.0953
   0.4530   0.0133   1.0882
   0.4475  -0.0843   1.0839
   0.4392  -0.0891   0.9744
   0.4474  -0.1870   0.9703
   0.5531  -0.1827   0.9723
   0.5616  -0.1792   0.8629
   0.4604  -0.1848   0.8716
   0.4675  -0.1929   0.7658
   0.4643  -0.0922   0.7587
   0.4704  -0.0843   0.8485
   0.5701   0.0164   0.9978
   0.5690  -0.0769   0.9906
   0.5572   0.1264   0.9060
   0.5520   0.1169   1.0060
   0.6636  -0.0618   0.8255
   0.6574  -0.0595   0.7290
   0.6552  -0.0684   0.6319
   0.6603  -0.0677   0.5222
   0.6703   0.0386   0.5249
   0.6789   0.0300   0.6276
   0.6802   0.1396   0.6337
   0.6842   0.2425   0.6368
   0.5750   0.2362   0.6465
   0.5672   0.1425   0.6401
   0.5601   0.1484   0.5399
   0.5654   0.1497   0.4348
   0.5677   0.2401   0.4340
   0.5731   0.2455   0.3400
   0.5684   0.1552   0.3479
   0.4623   0.1494   0.3536
   0.4628   0.1536   0.4441
   0.4670   0.1515   0.5490
   0.4671   0.2491   0.5446
   0.5696   0.2485   0.5451
   0.6577  -0.2584   0.7217
   0.6574  -0.2592   0.6227
   0.6503  -0.1596   0.6148
   0.5420  -0.1691   0.6185
   0.5411  -0.1641   0.5260
   0.5363  -0.2641   0.5206
   0.5329  -0.2712   0.4197
   0.5263  -0.2686   0.3171
   0.4235  -0.2719   0.3252
   0.6574  -0.4665   0.7129
   0.5497  -0.4687   0.7198
   0.4597  -0.4761   0.7259
   0.4556  -0.5705   0.7359
   0.3471  -0.5614   0.7400
   0.3497  -0.5633   0.6478
   0.3475  -0.4600   0.6400
   0.3516  -0.4598   0.7380
   0.3475  -0.4696   0.8379
   0.3514  -0.4664   0.9293
   0.2553  -0.4737   0.9389
   0.2543  -0.4754   0.8377
   0.2478  -0.5718   0.8283
   0.2447  -0.5778   0.7319
   0.2434  -0.5843   0.6383
   0.2343  -0.4843   0.6470
   0.2310  -0.4800   0.5520
   0.1224  -0.4706   0.5513
   0.0215  -0.4788   0.5561
   0.0139  -0.5753   0.5593
   0.1063  -0.5729   0.5658
   0.2148  -0.5638   0.5566
   0.2072  -0.6705   0.5589
   0.1005  -0.6767   0.5499
   0.1020  -0.7731   0.5485
   0.1032  -0.7643   0.6392
   0.1072  -0.6595   0.6292
   0.2073  -0.6584   0.6391
   0.2114  -0.7534   0.6451
   0.2094  -0.7440   0.7354
   0.1151  -0.7364   0.7325
   0.1174  -0.7331   0.8322
   0.1264  -0.6381   0.8295
   0.1334  -0.6410   0.7279
   0.2263  -0.6447   0.7255
   0.3214  -0.6534   0.7319
   0.3247  -0.6454   0.8388
   0.3260  -0.5425   0.8332
   0.4181  -0.5449   0.8363
   0.4110  -0.6404   0.8377
   0.4038  -0.6381   0.7304
   0.4128  -0.6307   0.6353
   0.4032  -0.5216   0.6402
   0.4939  -0.5173   0.6412
   0.5000  -0.4130   0.6384
   0.5564  -0.2729   0.7120
   0.5609  -0.2827   0.8144
   0.5708  -0.3890   0.8080
   0.4681  -0.3790   0.8149
   0.4732  -0.4812   0.8132
   0.5811  -0.4734   0.8115
   0.4484  -0.3677   0.6160
   0.4565  -0.4725   0.6126
   0.4605  -0.0678   0.7044
   0.5510  -0.0711   0.7065
   0.5542  -0.1771   0.7004
   0.6549  -0.1721   0.7086
   0.7452  -0.1701   0.7094
   0.7538  -0.1677   0.6012
   0.8482  -0.1707   0.5951
   0.8544  -0.0620   0.5974
   0.8524  -0.0637   0.4880
   0.8479  -0.0651   0.3851
   0.7479  -0.0650   0.3825
   0.7413  -0.0624   0.4909
   0.7411   0.0438   0.4909
   0.7324   0.0391   0.3895
   0.7240   0.1287   0.3942
   0.7301   0.1318   0.4940
   0.6287   0.1271   0.4916
   0.6247   0.1256   0.4009
   0.3526  -0.2517   0.7001
   0.2537  -0.2528   0.7019
   0.2634  -0.3619   0.7013
   0.2691  -0.3570   0.8107
   0.2558  -0.1558   0.7884
   0.1466  -0.1517   0.7812
   0.3623  -0.2716   0.9090
   0.4563  -0.2755   0.9039
   0.5555  -0.2707   0.9019
   0.6626  -0.2648   0.9064
   0.6684  -0.1742   0.9127
   0.1618  -0.3752   0.6226
   0.1602  -0.4716   0.6294
   0.1688  -0.5731   0.6279
   0.0696  -0.5720   0.6248
   0.0722  -0.6727   0.6325
   0.0739  -0.7768   0.6343
  -0.0344  -0.7758   0.6336
  -0.1347  -0.7802   0.6278
  -0.1411  -0.6888   0.6200
  -0.2396  -0.6901   0.6184
  -0.2480  -0.5899   0.6092
  -0.2408  -0.4965   0.6013
  -0.2486  -0.3943   0.5966
  -0.2534  -0.3928   0.4928
  -0.3481  -0.3958   0.4991
  -0.3509  -0.3969   0.5917
  -0.3422  -0.3979   0.6881
  -0.3491  -0.2898   0.6893
  -0.4503  -0.2825   0.6846
  -0.4551  -0.1925   0.6779
  -0.4493  -0.1991   0.7690
  -0.4481  -0.3020   0.7718
  -0.4397  -0.3037   0.8814
  -0.4409  -0.4090   0.8761
  -0.3339  -0.4110   0.8713
  -0.3392  -0.4143   0.9718
  -0.3317  -0.4225   1.0745
  -0.3379  -0.3138   1.0749
  -0.3335  -0.2120   1.0758
  -0.3435  -0.2120   1.1765
  -0.2344  -0.2199   1.1791
  -0.2431  -0.1181   1.1718
  -0.2414  -0.0143   1.1803
  -0.2338   0.0831   1.1810
  -0.2389   0.1840   1.1725
  -0.2336   0.2794   1.1792
  -0.1431   0.2829   1.1868
  -0.0522   0.2906   1.1812
   0.0520   0.2898   1.1814
   0.0548   0.3934   1.1796
  -0.0474   0.3879   1.1827
  -0.1458   0.3789   1.1753
   0.1647  -0.4799   0.8196
   0.1594  -0.4825   0.7101
   0.0643  -0.4828   0.7139
  -0.0290  -0.4892   0.7078
  -0.0296  -0.5818   0.7171
  -0.0252  -0.5828   0.6087
  -0.0346  -0.5745   0.5016
  -0.1419  -0.5734   0.5101
  -0.1427  -0.6745   0.5034
  -0.2487  -0.6736   0.5124
  -0.2439  -0.6740   0.4207
  -0.2477  -0.5807   0.4198
  -0.2415  -0.5821   0.3128
  -0.1423  -0.5827   0.3137
  -0.0515  -0.5886   0.3171
   0.0544  -0.5836   0.3151
   0.0484  -0.4904   0.3155
   0.1448  -0.4945   0.3084
   0.2411  -0.5025   0.3030
   0.2421  -0.5983   0.3077
   0.1341  -0.5927   0.3129
   0.1364  -0.6975   0.3075
   0.1400  -0.7886   0.3120
   0.0370  -0.7909   0.3026
   0.0431  -0.7810   0.3939
  -0.0520  -0.7880   0.3905
  -0.0472  -0.6886   0.4003
   0.0503  -0.6797   0.4095
   0.0538  -0.6715   0.3190
  -0.0538  -0.6714   0.3190
  -0.0598  -0.7772   0.3193
  -0.1543  -0.7737   0.3134
  -0.2563  -0.7729   0.3119
  -0.2543  -0.7636   0.4015
  -0.1581  -0.7600   0.3925
  -0.1543  -0.7505   0.4881
  -0.2441  -0.7586   0.4804
  -0.2355  -0.8541   0.4792
  -0.0172  -0.3748   0.8144
  -0.0164  -0.4707   0.8044
  -0.0083  -0.4625   0.9021
   0.0891  -0.4539   0.9021
   0.0975  -0.4608   0.8040
   0.0880  -0.5540   0.8025
  -0.0160  -0.5608   0.8054
  -0.1113  -0.5609   0.8152
  -0.2118  -0.5630   0.8168
  -0.2113  -0.5583   0.9190
  -0.2099  -0.4559   0.9238
  -0.1044  -0.4466   0.9307
  -0.1142  -0.3525   0.9356
  -0.1124  -0.3532   0.8438
  -0.2182  -0.3594   0.8417
  -0.3210  -0.3540   0.8485
  -0.1221  -0.4905   0.6156
  -0.1210  -0.5919   0.6124
  -0.1191  -0.5980   0.7126
  -0.1167  -0.6969   0.7216
  -0.0207  -0.6984   0.7293
  -0.0187  -0.7970   0.7207
  -0.1084  -0.7972   0.7299
  -0.2201  -0.3970   0.7190
  -0.3049  -0.4971   0.6084
  -0.3069  -0.5937   0.6073
  -0.1170  -0.7001   0.8156
  -0.0257  -0.6903   0.8079
   0.0642  -0.6968   0.8063
   0.0595  -0.7035   0.6985
   0.0569  -0.5942   0.6925
   0.1644  -0.5952   0.7016
   0.1569  -0.5996   0.7917
  -0.3073  -0.6076   0.9096
  -0.3052  -0.5130   0.9190
  -0.3008  -0.5161   1.0115
  -0.1927  -0.5156   1.0114
  -0.1896  -0.4182   1.0032
  -0.1875  -0.3252   1.0105
  -0.1816  -0.2219   1.0164
  -0.1873  -0.2263   1.1210
  -0.1866  -0.3290   1.1270
  -0.1814  -0.4245   1.1240
  -0.0733  -0.4295   1.1299
  -0.0719  -0.4313   1.0327
  -0.0780  -0.3292   1.0233
   0.0186  -0.3281   1.0144
   0.0252  -0.4315   1.0056
   0.1334  -0.4301   0.9976
   0.1271  -0.5205   0.9901
   0.0242  -0.5291   0.9876
  -0.0845  -0.5373   0.9865
  -0.0770  -0.6452   0.9777
  -0.0822  -0.6552   0.8848
   0.0130  -0.6630   0.8929
   0.1148  -0.6550   0.9017
   0.2242  -0.6630   0.9081
   0.2287  -0.5719   0.9017
   0.2286  -0.5646   1.0073
   0.2241  -0.4608   1.0026
   0.2231  -0.3563   0.9938
   0.3141  -0.3606   0.9841
   0.3085  -0.4610   0.9914
   0.4058  -0.4681   0.9964
  -0.3997  -0.5142   0.9149
  -0.4941  -0.5148   0.9064
  -0.4956  -0.4052   0.8974
  -0.5000  -0.3014   0.8958
  -0.4973  -0.1919   0.9039
  -0.5877  -0.1911   0.9019
  -0.5879  -0.1812   0.8089
  -0.5817  -0.0828   0.8174
  -0.5912  -0.0769   0.7101
  -0.4970  -0.0799   0.7023
  -0.5036   0.0115   0.7016
  -0.5979   0.0019   0.6933
  -0.5956  -0.0073   0.7889
  -0.7010  -0.0115   0.7807
  -0.4941  -0.3940   0.7108
  -0.4988  -0.3030   0.7154
  -0.4982  -0.3046   0.6244
  -0.4910  -0.1961   0.6238
  -0.4860  -0.1913   0.7210
  -0.4883  -0.1957   0.8283
  -0.4946  -0.1043   0.8198
  -0.3906  -0.1047   0.8160
  -0.2943  -0.1076   0.8129
  -0.2994  -0.1148   0.7051
  -0.4060  -0.1215   0.7023
  -0.4064  -0.1237   0.5958
  -0.4097  -0.2240   0.6017
  -0.4903  -0.5890   0.8114
  -0.4959  -0.5913   0.7182
  -0.5912  -0.4960   0.7182
  -0.5951  -0.4912   0.8088
  -0.6030  -0.5823   0.5295
  -0.5983  -0.5903   0.4396
  -0.5009  -0.5986   0.4366
  -0.5030  -0.6033   0.3280
  -0.5991  -0.5941   0.3292
  -0.5084  -0.5822   0.5243
  -0.5026  -0.4853   0.5314
  -0.4975  -0.3821   0.5242
  -0.6051  -0.3878   0.5270
  -0.7070  -0.3806   0.5354
  -0.7167  -0.3727   0.6418
  -0.7212  -0.2663   0.6412
  -0.6208  -0.2572   0.6476
  -0.6115  -0.2493   0.7393
  -0.7052  -0.2416   0.7379
  -0.4083  -0.5812   0.8179
  -0.4091  -0.5713   0.9182
  -0.3938  -0.3879   0.6108
  -0.4900  -0.3931   0.6044
  -0.4080  -0.3980   0.5215
  -0.4111  -0.2893   0.5143
  -0.4088  -0.2973   0.6153
  -0.3162  -0.3782   0.4071
  -0.3066  -0.3862   0.3157
  -0.4059  -0.3882   0.3236
  -0.4112  -0.2907   0.3254
  -0.5115  -0.2929   0.3183
  -0.6022  -0.3018   0.3190
  -0.7019  -0.2926   0.3197
  -0.7918  -0.2935   0.3278
  -0.7966  -0.1937   0.3349
  -0.6874  -0.1919   0.3268
  -0.6837  -0.1909   0.4226
  -0.7879  -0.1931   0.4137
  -0.7833  -0.0907   0.4131
  -0.6754  -0.0915   0.4095
  -0.6681  -0.0863   0.3190
  -0.2001  -0.5036   0.5121
  -0.1963  -0.4963   0.4027
  -0.4133  -0.5863   0.5069
  -0.4208  -0.5949   0.4162
  -0.4237  -0.7014   0.4238
  -0.4209  -0.6950   0.3317
  -0.2973  -0.6912   0.4070
  -0.2887  -0.7993   0.3990
  -0.3860  -0.7894   0.4063
  -0.3850  -0.7991   0.3152
  -0.2823  -0.8032   0.3100
  -0.5084  -0.6931   0.5835
  -0.5048  -0.6834   0.4774
  -0.4435   0.2237   0.8587
  -0.3518   0.2169   0.8503
  -0.3477   0.1269   0.8407
  -0.3484   0.1260   0.9356
  -0.3399   0.1197   1.0310
  -0.4309   0.1171   1.0267
  -0.5354   0.1202   1.0192
  -0.5410   0.2296   1.0148
  -0.5434   0.2302   0.9193
  -0.5447   0.3225   0.9097
  -0.5464   0.4296   0.9140
  -0.3570   0.3137   0.9471
  -0.4645   0.3101   0.9453
  -0.4656   0.3138   1.0420
  -0.3628   0.1332   0.6696
  -0.3718   0.0401   0.6700
  -0.3802  -0.0680   0.6693
  -0.3710  -0.1733   0.6765
  -0.3644  -0.2820   0.6795
  -0.2744  -0.2913   0.6886
  -0.2775  -0.2907   0.7932
  -0.2719  -0.1843   0.7833
  -0.2739  -0.1846   0.8860
  -0.2821  -0.1902   0.9937
  -0.3773  -0.1913   0.9932
  -0.4841  -0.1948   0.9968
  -0.4857  -0.1908   1.0914
  -0.3874  -0.1934   1.0857
  -0.3971  -0.0984   1.0889
  -0.3068  -0.0915   1.0826
  -0.3007   0.0098   1.0802
  -0.3907  -0.0000   1.0782
  -0.3939   0.0040   0.9772
  -0.3895  -0.0957   0.9709
  -0.2855  -0.0952   0.9749
  -0.2822  -0.0035   0.9780
  -0.1896  -0.0089   0.9714
  -0.0931  -0.0138   0.9621
  -0.2497   0.2170   0.7686
  -0.2528   0.1126   0.7591
  -0.2529   0.1111   0.8543
  -0.2583   0.0199   0.8460
  -0.3554   0.0273   0.8535
  -0.3560   0.0257   0.7465
  -0.3633   0.1280   0.7540
  -0.5412   0.1275   0.9609
  -0.6333   0.1200   0.9649
  -0.6346   0.2169   0.9550
  -0.4571   0.0318   1.0559
  -0.4513  -0.0664   1.0603
  -0.5524  -0.0758   1.0631
  -0.6598  -0.0731   0.9511
  -0.4530   0.0168   0.5592
  -0.5434   0.0130   0.5588
  -0.6471   0.0175   0.5507
  -0.6411  -0.0908   0.5502
  -0.6509  -0.1934   0.5453
  -0.7490  -0.1918   0.5399
  -0.7498  -0.1949   0.6346
  -0.7438  -0.0867   0.6314
  -0.7368  -0.0954   0.7235
  -0.7291   0.0038   0.7196
  -0.7368   0.0954   0.7235
  -0.7424   0.0937   0.6330
  -0.7493   0.2010   0.6263
  -0.7469   0.1987   0.5245
  -0.8480   0.1986   0.5201
  -0.7595   0.0224   0.6691
  -0.8563   0.0278   0.6691
  -0.8630   0.0297   0.5708
  -0.6584  -0.1786   0.6831
  -0.6514  -0.1690   0.7741
  -0.5444  -0.3093   0.5363
  -0.6413  -0.3086   0.5322
  -0.6400  -0.3153   0.4251
  -0.6469  -0.2188   0.4317
  -0.6502  -0.2122   0.3301
  -0.5584  -0.1888   0.3481
  -0.5544  -0.0806   0.3403
  -0.4636  -0.0828   0.3473
  -0.6311   0.2286   0.6526
  -0.6411   0.2385   0.5505
  -0.6441   0.1355   0.5434
  -0.5498   0.1357   0.5349
  -0.4583   0.1261   0.5298
  -0.4639   0.1272   0.4288
  -0.5584   0.1313   0.4351
  -0.3359   0.7328   0.7358
  -0.2422   0.7340   0.7355
  -0.2172   0.7174   0.8115
  -0.0798   0.4122   0.7402
  -0.0866   0.4094   0.6423
   0.0083   0.3999   0.6513
  -0.0892   0.6148   0.6635
  -0.0798   0.7057   0.6708
   0.1062   0.8255   0.6700
   0.2045   0.8320   0.6691
   0.2077   0.8382   0.5708
  -0.0009   0.8236   0.4863
   0.1034   0.8184   0.4775
   0.1063   0.8162   0.3785
   0.2003   0.8197   0.3873
   0.1964   0.8281   0.4786
   0.2876   0.8289   0.4731
   0.2902   0.8306   0.3697
   0.0106   0.7292   0.4075
   0.0017   0.8215   0.4148
  -0.2972   0.7306   0.3104
  -0.2924   0.8329   0.3142
  -0.1986   0.8257   0.3091
  -0.2074   0.8242   0.3990
  -0.3106   0.8271   0.4063
  -0.1088   0.6371   0.3078
  -0.2038   0.6400   0.3035
  -0.3029   0.6328   0.3026
  -0.2999   0.5363   0.3010
  -0.2983   0.5325   0.4038
  -0.2884   0.5322   0.5065
   0.0819   0.7485   0.3070
   0.0910   0.8491   0.3066
  -0.3463   0.6233   0.4311
  -0.3373   0.5139   0.4324
  -0.3436   0.4164   0.4329
  -0.2450   0.4137   0.4287
  -0.3395   0.6073   0.6542
   0.0490   0.5073   0.5243
   0.1575   0.5162   0.5313
   0.1550   0.4248   0.5378
   0.2599   0.4180   0.5353
   0.3661   0.4270   0.5307
   0.3580   0.4295   0.6362
  -0.0331   0.4928   0.3290
  -0.4285   0.4310   0.4306
  -0.4192   0.4401   0.3217
  -0.5170   0.4498   0.3161
  -0.5070   0.3511   0.3067
  -0.4299   0.2244   0.3294
  -0.5280   0.2336   0.3245
  -0.6267   0.1273   0.4036
  -0.6241   0.1287   0.3112
  -0.5168   0.1303   0.3090
  -0.5137   0.0397   0.3082
  -0.5188   0.0409   0.4093
  -0.6140   0.0359   0.4133
  -0.4597   0.5457   0.3231
  -0.5601   0.5556   0.3136
  -0.5531   0.6509   0.3044
  -0.4528   0.6531   0.3066
  -0.4626   0.7538   0.3397
  -0.7238   0.3080   0.4367
  -0.7149   0.2013   0.4348
  -0.7069   0.0963   0.4251
  -0.7161   0.0952   0.3347
  -0.8153   0.0884   0.3428
  -0.8131   0.1797   0.3526
  -0.8192   0.1794   0.4508
  -0.7258   0.4982   0.4475
  -0.7297   0.5072   0.3397
  -0.7382   0.4078   0.3441
  -0.7400   0.3098   0.3430
  -0.8323   0.3020   0.3447
  -0.8013   0.2995   0.4215
  -0.3893   0.6544   0.7546
  -0.4966   0.5482   0.8540
  -0.2892   0.6580   0.8591
  -0.6701   0.5506   0.4564
  -0.6651   0.5512   0.5473
  -0.6808   0.5636   0.3696
  -0.1663   0.7860   0.6302
  -0.1580   0.7814   0.7207
   0.0215   0.4929   0.6383
  -0.0537   0.7682   0.7375
   0.4214   0.6628   0.7265
   0.4300   0.6670   0.6388
   0.4351   0.6738   0.5396
   0.4317   0.5684   0.5469
   0.5157   0.4636   0.6311
   0.5097   0.3728   0.6241
   0.5104   0.3643   0.4276
   0.5138   0.2651   0.4456
   0.6120   0.2713   0.4390
   0.6193   0.3757   0.4458
   0.6243   0.3744   0.5448
   0.7222   0.3797   0.5525
   0.7158   0.3734   0.4555
   0.7158   0.2784   0.4629
   0.7213   0.2686   0.5650
   0.7253   0.2732   0.6648
   0.7331   0.2825   0.7666
   0.5366   0.3576   0.8452
   0.5385   0.2584   0.8436
   0.5480   0.1628   0.8515
   0.6406   0.2582   0.7441
   0.5421   0.2525   0.7510
   0.7232   0.0659   0.7414
   0.6213   0.0715   0.7354
   0.6298  -0.0258   0.7362
   0.7362  -0.0410   0.8431
   0.7395  -0.0318   0.7425
   0.4637  -0.0319   0.9720
   0.3643   0.0445   0.8741
   0.3605   0.0458   0.7659
   0.2700   0.0383   0.7734
   0.2658  -0.0600   0.7730
   0.2617  -0.1627   0.7822
   0.2669  -0.2550   0.7848
   0.3568  -0.2481   0.7770
   0.3477  -0.2462   0.6681
   0.2537  -0.2414   0.6751
   0.2602  -0.3319   0.6688
   0.3607  -0.3393   0.6590
   0.3643  -0.4472   0.6561
   0.3709  -0.4410   0.5572
   0.2743  -0.4458   0.5662
   0.2703  -0.4486   0.4715
   0.3780  -0.4555   0.4700
   0.3829  -0.3573   0.4715
   0.4829  -0.3573   0.4765
   0.4881  -0.3550   0.5739
   0.4945  -0.2505   0.5640
   0.6008  -0.2579   0.5697
   0.5997  -0.3563   0.5765
   0.5940  -0.4476   0.5773
   0.5898  -0.4393   0.4768
   0.6975  -0.4379   0.4863
   0.6915  -0.5274   0.4940
   0.6827  -0.5176   0.3995
   0.5607  -0.0572   0.6847
   0.6544  -0.0614   0.6913
   0.6571  -0.1582   0.6973
   0.6583  -0.1587   0.6024
   0.6655  -0.0617   0.6073
   0.6648  -0.0692   0.5174
   0.5578  -0.0729   0.5197
   0.4525  -0.0799   0.5174
   0.4475   0.0146   0.5075
   0.4568   0.1208   0.5081
   0.5527   0.1228   0.5062
   0.5449   0.1216   0.4112
   0.4507   0.1292   0.4082
   0.3421  -0.0637   0.8857
   0.3550  -0.1414   0.8839
   0.4378  -0.2489   0.9845
   0.3380  -0.2544   0.9932
   0.4443  -0.2678   0.6964
   0.4480  -0.3736   0.6992
   0.5526  -0.3725   0.6920
   0.5544  -0.2818   0.6934
   0.5633  -0.1831   0.6927
   0.3695  -0.1565   0.6068
   0.4770  -0.1583   0.6127
   0.4782  -0.0557   0.6150
   0.5782  -0.0471   0.6159
   0.5733  -0.1403   0.6059
   0.5830  -0.1401   0.5059
   0.4898  -0.1313   0.5003
   0.4848  -0.2222   0.4985
   0.5819  -0.2236   0.5006
   0.5900  -0.3146   0.5065
   0.3853   0.0289   0.7043
   0.4840   0.0293   0.5871
   0.3962   0.2331   0.6848
   0.3996   0.2394   0.5862
   0.4968   0.2299   0.5865
   0.5002   0.2217   0.4810
   0.5070   0.3145   0.4845
   0.2088   0.2492   0.8667
   0.2242   0.1697   0.9841
   0.2460  -0.4010   0.9828
   0.1381  -0.4069   0.9742
   0.0480  -0.0874   1.0071
   0.0408  -0.0937   0.9169
   0.1376  -0.1021   0.9241
  -0.0577  -0.3742   1.0208
  -0.1570  -0.2847   1.1080
  -0.2634  -0.2907   1.1033
  -0.3579  -0.2981   1.1121
  -0.3514  -0.2073   1.1144
  -0.1658  -0.1831   0.9299
  -0.1739  -0.1815   0.8221
   0.0089  -0.1666   0.8164
   0.1032  -0.1587   0.8176
   0.2230   0.0130   0.9194
   0.3114   0.1125   0.9080
   0.2938  -0.3844   0.9893
   0.4966  -0.3844   0.4754
   0.4889  -0.3786   0.3857
   0.4975  -0.5963   0.5795
   0.5069  -0.5965   0.4833
   0.6082  -0.6048   0.4844
   0.6135  -0.6124   0.5923
   0.6144  -0.3806   0.3717
   0.7147  -0.3876   0.3622
   0.4125  -0.6869   0.4718
   0.4071  -0.7843   0.4619
   0.3071  -0.7749   0.4613
   0.3113  -0.6700   0.4526
   0.3061  -0.5654   0.4584
   0.2062  -0.5746   0.4502
  -0.2745   0.8068   0.3285
  -0.3709   0.8072   0.3284
  -0.7323   0.2385   0.7375
  -0.7422   0.3393   0.7334
  -0.2346   0.5075   1.0125
   0.4702   0.7091   0.6452
   0.4792   0.7038   0.5509
   0.5709   0.6116   0.4462
   0.5740   0.6033   0.3525
   0.6603   0.5104   0.4647
   0.6503   0.5014   0.3682
   0.7411   0.4995   0.3765
   0.7394   0.4984   0.4700
   0.1478   0.6027   0.5178
   0.0444   0.5961   0.5206
   0.2451   0.7202   0.3274
   0.2440   0.5191   0.4351
   0.1392   0.5127   0.4271
   0.1422   0.6151   0.4198
   0.5338   0.5198   0.4427
   0.5333   0.5223   0.3442
   0.5308   0.4238   0.3471
   0.6235   0.4235   0.3426
   0.7206   0.4182   0.3511
   0.5343   0.6991   0.4377
   0.5336   0.7007   0.5321
   0.5425   0.6944   0.3371
   0.3197   0.4964   0.3469
   0.2189   0.4888   0.3452
   0.0525   0.5109   0.4574
   0.0565   0.5146   0.3486
   0.2700   0.2016   1.2062
   0.2601   0.0941   1.2151
  -0.1429   0.1091   1.0423
  -0.2489   0.1088   1.0419
  -0.2453   0.1034   0.9431
  -0.1410   0.0994   0.9364
  -0.0470   0.0907   0.9294
  -0.1558  -0.0928   1.1609
  -0.1547  -0.0926   1.0697
  -0.1618  -0.2022   1.0695
  -0.0650  -0.2103   1.0765
  -0.0653  -0.2059   0.9736
  -0.1339   0.4985   1.0930
  -0.0274   0.1279   1.0319
  -0.1571  -0.2892   1.1311
  -0.0525  -0.2901   1.1287
   0.0545  -0.2843   1.1275
   0.0469  -0.3782   1.1301
   0.0401  -0.4728   1.1207
  -0.0498  -0.4631   1.1121
  -0.0529  -0.3577   1.1071
   0.4714  -0.2867   0.9990
   0.5613  -0.2819   1.0025
   0.2839  -0.3729   1.1144
   0.1755  -0.3683   1.1144
   0.2881  -0.1746   1.2062
  -0.2169   0.2487   0.9255
  -0.2261   0.3463   0.9317
  -0.4482  -0.0926   1.1279
  -0.3535   0.2147   0.9317
  -0.4555   0.2115   0.9324
   0.4612   0.3034   1.0631
   0.4514   0.2113   1.0690
   0.4470  -0.1758   1.0814
   0.4534  -0.2702   1.0744
   0.7641  -0.0651   0.7283
   0.7723  -0.0615   0.6345
   0.6663  -0.1630   0.5256
   0.6621  -0.1562   0.4242
   0.7874   0.0391   0.6376
   0.7938   0.1297   0.6371
   0.7867   0.2238   0.6392
   0.7934   0.2157   0.5484
   0.6867   0.2137   0.5520
   0.6797   0.2184   0.4559
   0.7766   0.2237   0.4485
   0.7724   0.3141   0.4469
   0.7740   0.3072   0.3486
   0.7648   0.1987   0.3549
   0.6560   0.1955   0.3528
   0.5587   0.0467   0.3557
   0.5579  -0.0520   0.3555
   0.5603  -0.1460   0.3529
   0.5659  -0.1507   0.4511
   0.7602  -0.2660   0.7260
   0.7503  -0.2562   0.6365
   0.7562  -0.2613   0.5333
   0.7462  -0.2682   0.4353
   0.7460  -0.2702   0.3365
   0.7535  -0.3701   0.3401
   0.7529  -0.4717   0.3338
   0.7556  -0.4758   0.4400
   0.6535  -0.4665   0.4300
   0.6583  -0.5603   0.4217
   0.6587  -0.3593   0.6190
   0.5510  -0.3601   0.6142
   0.5506  -0.3576   0.5160
   0.5473  -0.4654   0.5203
   0.6537  -0.4613   0.5191
   0.6637  -0.3654   0.5245
   0.6334  -0.2598   0.5237
   0.6606  -0.4765   0.6126
   0.6506  -0.5812   0.6215
   0.5566  -0.5645   0.7248
   0.3426  -0.6658   0.6481
   0.2444  -0.4644   0.7408
   0.3612  -0.5586   0.9360
   0.2641  -0.5536   0.9315
   0.2699  -0.6484   0.9399
   0.2782  -0.6479   0.8397
   0.2636  -0.4707   1.0352
   0.3644  -0.4706   1.0252
   0.0250  -0.4775   0.6634
   0.0250  -0.3823   0.6585
  -0.0679  -0.3770   0.6585
  -0.0625  -0.4756   0.6539
  -0.0588  -0.4851   0.5449
  -0.0538  -0.4850   0.4443
  -0.0487  -0.5761   0.4456
  -0.1586  -0.5738   0.4487
  -0.1644  -0.6664   0.4425
  -0.1711  -0.6698   0.3518
   0.0083  -0.6779   0.5504
   0.0052  -0.7817   0.5413
  -0.0933  -0.7903   0.5488
  -0.0945  -0.6820   0.5577
  -0.0955  -0.6909   0.6523
   0.2051  -0.5696   0.4492
   0.2131  -0.7782   0.5534
   0.3174  -0.7480   0.7327
   0.0156  -0.7451   0.7325
   0.0164  -0.7516   0.8413
  -0.0824  -0.7559   0.8365
   0.2136  -0.7298   0.8365
   0.5153  -0.5375   0.8394
   0.5153  -0.6289   0.6264
   0.5684  -0.3920   0.9118
   0.4640  -0.3835   0.9196
   0.4547  -0.4762   0.9122
   0.7458  -0.1639   0.8041
   0.7503  -0.0715   0.7998
   0.7531   0.0357   0.8042
   0.7490   0.1318   0.8094
   0.8580  -0.1768   0.4894
   0.7573  -0.1825   0.4925
   0.8518   0.0348   0.3823
   0.6452  -0.0633   0.3745
   0.6381   0.0343   0.3722
   0.8294   0.1349   0.3956
   0.8337   0.1432   0.4860
  -0.3491  -0.6970   0.6153
  -0.3585  -0.7954   0.6215
  -0.3458  -0.2921   0.4903
  -0.4412  -0.3931   0.6844
  -0.5471  -0.2961   0.7808
  -0.6566  -0.2982   0.7825
  -0.6511  -0.2928   0.8744
  -0.4319  -0.4136   0.9680
  -0.5389  -0.4115   0.9681
  -0.4301  -0.3235   1.0771
  -0.4255  -0.2217   1.0729
  -0.3467  -0.1142   1.1812
  -0.3526  -0.0214   1.1720
  -0.3429   0.0865   1.1701
   0.1440   0.2936   1.1716
  -0.2504  -0.5678   0.5178
  -0.3421  -0.5837   0.4215
  -0.3429  -0.5917   0.3301
  -0.3437  -0.5012   0.3217
  -0.2425  -0.6867   0.3198
  -0.3520  -0.6890   0.3111
  -0.0483  -0.4909   0.3158
  -0.1456  -0.4939   0.3080
  -0.2419  -0.5026   0.3029
   0.0385  -0.4805   0.4198
   0.2392  -0.4972   0.4127
   0.1454  -0.4983   0.4200
   0.2421  -0.6881   0.3158
   0.1445  -0.8854   0.3102
   0.0493  -0.8811   0.3195
  -0.0493  -0.8811   0.3203
  -0.1437  -0.8766   0.3276
  -0.1451  -0.8747   0.4310
  -0.0512  -0.8784   0.4377
   0.0512  -0.8784   0.4377
   0.1454  -0.8764   0.4475
  -0.2508  -0.8619   0.4025
  -0.2438  -0.8531   0.3061
  -0.3346  -0.8453   0.3048
  -0.1541  -0.8417   0.4977
  -0.1600  -0.8503   0.5951
  -0.0641  -0.8518   0.5873
   0.0291  -0.8592   0.5883
   0.0262  -0.8495   0.4863
   0.1235  -0.8410   0.4858
   0.1218  -0.8510   0.5883
  -0.2347  -0.7505   0.5880
  -0.2353  -0.7547   0.6872
  -0.2263  -0.7613   0.7778
  -0.1320  -0.7633   0.7846
  -0.2022  -0.6564   0.9242
  -0.1088  -0.6655   0.9253
  -0.0010  -0.6694   0.9335
   0.0914  -0.6785   0.9401
  -0.1071  -0.4366   0.8300
  -0.2133  -0.4290   0.8341
  -0.1271  -0.3960   0.6113
   0.1270  -0.6169   0.9802
   0.0209  -0.6241   0.9879
  -0.0841  -0.5316   1.0771
  -0.1789  -0.6521   0.9702
  -0.5863  -0.3952   0.8987
  -0.5877  -0.1942   0.9988
  -0.6791  -0.1846   0.8000
  -0.6712  -0.0907   0.7967
  -0.7720  -0.0882   0.7902
  -0.7808  -0.0910   0.6907
  -0.7762  -0.0957   0.5913
  -0.5104  -0.5024   0.4376
  -0.5999  -0.3790   0.6215
  -0.5950  -0.3776   0.7253
  -0.5914  -0.3835   0.8190
  -0.7150  -0.3795   0.4354
  -0.7212  -0.2703   0.4451
  -0.7171  -0.2783   0.5366
  -0.8161  -0.2866   0.5395
  -0.4133  -0.4014   0.4153
  -0.5125  -0.3931   0.4061
  -0.5035  -0.3910   0.3004
  -0.5954  -0.3881   0.3075
  -0.6895  -0.3891   0.3020
  -0.6909  -0.4938   0.3091
  -0.6862  -0.5014   0.3990
  -0.6774  -0.4953   0.4997
  -0.5847  -0.4962   0.5052
  -0.4001  -0.4778   0.3328
  -0.5063  -0.3006   0.4094
  -0.7921  -0.3862   0.3374
  -0.7951  -0.3770   0.4377
  -0.7986  -0.3692   0.5325
  -0.8027  -0.0997   0.3436
  -0.7915  -0.1901   0.5204
  -0.7850  -0.0986   0.5191
  -0.8894  -0.1003   0.4116
  -0.8802  -0.1012   0.5025
  -0.8712  -0.0000   0.5062
  -0.8774  -0.0070   0.6043
  -0.0949  -0.4938   0.5146
  -0.5327   0.0178   1.0191
  -0.2933  -0.1018   0.8759
  -0.2980  -0.1057   0.7701
  -0.1557   0.2073   0.7710
  -0.1469   0.1104   0.8529
  -0.2623   0.0270   0.7507
  -0.7319  -0.0907   0.5501
  -0.7419  -0.2016   0.7438
  -0.6525   0.0944   0.6402
  -0.6309  -0.4066   0.4310
  -0.4650   0.1370   0.3292
  -0.0806   0.3135   0.7348
   0.1109   0.8243   0.5624
  -0.4019   0.7214   0.3130
  -0.4921   0.7186   0.3051
  -0.4886   0.6092   0.3029
  -0.4790   0.5133   0.3092
  -0.5790   0.5124   0.3086
  -0.6849   0.5047   0.3011
  -0.0158   0.6300   0.3128
   0.0900   0.6324   0.3172
   0.0977   0.5345   0.3166
   0.0888   0.5342   0.4226
  -0.2111   0.5495   0.3122
  -0.2045   0.4486   0.3176
  -0.4122   0.6296   0.3025
  -0.3435   0.5120   0.3287
  -0.3344   0.6208   0.3312
  -0.3112   0.4337   0.3142
  -0.7063   0.0940   0.5287
  -0.6986  -0.0000   0.5315
  -0.7473   0.2112   0.3347
  -0.6502   0.2122   0.3301
   0.7133   0.2857   0.3723
   0.2747  -0.3503   0.5761
   0.3790  -0.3509   0.5773
   0.2632  -0.4552   0.3625
   0.3680  -0.4583   0.3687
   0.2812  -0.3612   0.4714
   0.4771  -0.3671   0.3673
   0.6722  -0.1782   0.5239
   0.5387   0.1180   0.3037
   0.5328   0.0176   0.3063
   0.6370   0.0174   0.3112
   0.7304   0.0177   0.3122
   0.7284   0.1089   0.3152
   0.8216   0.1081   0.3205
   0.6579  -0.3691   0.6863
   0.5856  -0.1309   0.4045
   0.5947  -0.2350   0.4036
   0.5896  -0.2425   0.3113
   0.5857  -0.1345   0.3185
   0.5844  -0.0432   0.3130
   0.5875  -0.0346   0.4093
   0.4919  -0.0400   0.3993
   0.4902   0.0518   0.4071
   0.4035   0.2166   0.4716
   0.4121   0.3075   0.4703
   0.4091  -0.7835   0.3561
   0.6558   0.6022   0.4722
   0.6558   0.6112   0.3724
   0.4379   0.5133   0.3478
   0.4325   0.6138   0.3421
   0.7689   0.0348   0.7273
   0.7863   0.3252   0.6452
   0.7882   0.3221   0.5511
   0.7775   0.4239   0.4438
   0.8680   0.1942   0.3503
   0.7560  -0.1754   0.4437
  -0.4472  -0.5855   0.3212
  -0.0497  -0.8793   0.5321
   0.2295  -0.8388   0.4940
   0.2274  -0.8295   0.5843
   0.2168  -0.6261   0.9849
  -0.6804  -0.1805   0.8937
  -0.6722  -0.2745   0.8874
  -0.6640  -0.2736   0.7824
  -0.6658  -0.3638   0.7911
  -0.6696  -0.3611   0.6917
  -0.6719  -0.4614   0.6916
  -0.6698  -0.4515   0.5895
  -0.5054  -0.4896   0.3059
  -0.5830  -0.4975   0.3030
  -0.7885  -0.2679   0.4311
  -0.8802   0.1014   0.5026
  -0.7877   0.1034   0.4959
  -0.7778   0.1101   0.5905
  -0.7697   0.2130   0.5974
  -0.5892   0.6017   0.3116
  -0.4884   0.4118   0.3167
  -0.4902   0.3166   0.3224
  -0.4887   0.2140   0.3141
  -0.5899   0.2217   0.3128
  -0.6957   0.2196   0.3153
  -0.7001   0.3294   0.3111
  -0.5939   0.3339   0.3081
  -0.5831   0.4063   0.3075
  -0.0198   0.5326   0.3090
  -0.1279   0.5278   0.3164
  -0.2124   0.5448   0.4208
   0.6403  -0.0881   0.3078
   0.7472  -0.0957   0.3131
   0.7442  -0.1052   0.4191
   0.7517  -0.0140   0.4156
   0.6235   0.1119   0.3177
   0.6981  -0.2348   0.3158
   0.6977  -0.1352   0.3075
   0.3194  -0.8293   0.4924
   0.3157  -0.7361   0.4999
   0.3109  -0.7286   0.4100
   0.4067  -0.7384   0.4068
   0.4995  -0.7293   0.4134
   0.4927  -0.7232   0.5193
   0.4955  -0.6169   0.5191
   0.3961  -0.6167   0.5170
   0.3880  -0.7080   0.5101
  -0.8894   0.1001   0.4117
  -0.7851   0.0920   0.4161
  -0.4815   0.1073   0.3177
  -0.5766   0.1129   0.3148
  -0.5834   0.0120   0.3227
  -0.4926   0.0219   0.3176
  -0.4918   0.0202   0.4144
  -0.4906   0.0165   0.5241
  -0.4969  -0.0775   0.5147
  -0.5036  -0.1788   0.5084
  -0.4991  -0.1850   0.4181
  -0.5044  -0.1759   0.3232
  -0.5058  -0.2788   0.3274
  -0.6927   0.1235   0.3059
  -0.6891   0.0259   0.3106
  -0.6802  -0.0832   0.3161
  -0.5816  -0.0926   0.3124
  -0.5718  -0.2006   0.3026
  -0.8071   0.3332   0.3033
   0.7470  -0.2017   0.3111
   0.7525  -0.2009   0.4109
   0.7608  -0.3098   0.4154
   0.7657  -0.3004   0.3240
   0.7592  -0.3978   0.3285
   0.7657  -0.3952   0.4269
   0.7719  -0.3853   0.5333
   0.7000  -0.3295   0.3117
   0.5939  -0.3339   0.3076
   0.3143  -0.8358   0.4017
   0.2237  -0.8271   0.3995
   0.2148  -0.8238   0.3100
   0.3046  -0.7278   0.3134
   0.4085  -0.7210   0.3205
   0.5153  -0.7233   0.3107
   0.5190  -0.6273   0.3126
   0.6117  -0.6231   0.3033
   0.6195  -0.6306   0.4126
   0.6142  -0.6247   0.5058
   0.6123  -0.5262   0.5101
   0.7089  -0.5290   0.5115
   0.7021  -0.4241   0.5061
   0.4928  -0.6241   0.4052
   0.5046  -0.5117   0.5270
   0.4961  -0.5133   0.4227
   0.3936  -0.6133   0.4162
  -0.4975  -0.0760   0.3255
  -0.6868  -0.1799   0.3127
  -0.7967  -0.1823   0.3133
  -0.7899  -0.0867   0.3056
   0.6990  -0.4235   0.3131
   0.7080  -0.5272   0.3150
   0.6179  -0.5296   0.3113
   0.6116  -0.6231   0.3025
   0.5183  -0.6280   0.3125
   0.4186  -0.6350   0.3203
   0.3190  -0.6343   0.3127
   0.3201  -0.5253   0.3115
   0.3110  -0.4334   0.3141
   0.4085  -0.4404   0.3216
   0.5056  -0.4450   0.3190
   0.4998  -0.5394   0.3281
   0.4151  -0.6294   0.3236
   0.5125  -0.5209   0.3127
   0.6203  -0.5275   0.3119
   0.6192  -0.6206   0.6070
   0.7065  -0.5255   0.4023
  -0.7917  -0.2726   0.3174
  -0.7017  -0.2758   0.3236
  -0.6949  -0.3664   0.3280
  -0.6962  -0.4693   0.3209
  -0.5909  -0.4618   0.3182
  -0.4838  -0.4688   0.3196
  -0.4747  -0.3673   0.3131
  -0.5740  -0.3703   0.3146
   0.5957  -0.4231   0.3122
   0.5181  -0.7311   0.3110
   0.4208  -0.7394   0.3011
   0.3124  -0.7308   0.3073
   0.2136  -0.7223   0.3036
   0.2148  -0.8238   0.3099
   0.1127  -0.8300   0.3014
   0.0066  -0.8390   0.3006
  -0.0910  -0.8490   0.3059
  -0.0819  -0.7484   0.3070
  -0.0778  -0.6432   0.3026
  -0.0810  -0.5515   0.3030
  -0.1777  -0.5485   0.3093
  -0.1706  -0.6517   0.3190
   0.4200  -0.5267   0.3190
   0.2228  -0.6357   0.3190
   0.1152  -0.6270   0.3113
   0.1083  -0.5227   0.3142
   0.2082  -0.5216   0.3236
   0.5095  -0.3358   0.3141
   0.4011  -0.3360   0.3077
   0.4069  -0.2327   0.3126
   0.4972  -0.2329   0.3163
   0.5019  -0.1393   0.3156
   0.5032  -0.1379   0.4249
  -0.7961  -0.3741   0.3362
  -0.3817  -0.3727   0.3141
  -0.2777  -0.3776   0.3126
   0.0267  -0.7533   0.3108
   0.1254  -0.7500   0.3197
   0.0159  -0.6297   0.3125
   0.0197  -0.5329   0.3087
